Mean: [0.5512770414352417, 0.36512336134910583, 0.35213354229927063]
Std: [0.1534336805343628, 0.15124139189720154, 0.14949175715446472]
